<?xml version="1.0"?>
<opencv_storage>
<calibration_time>"Fri Apr  9 21:22:32 2021"</calibration_time>
<nr_of_frames>25</nr_of_frames>
<image_width>640</image_width>
<image_height>480</image_height>
<board_width>4</board_width>
<board_height>3</board_height>
<square_size>21.</square_size>
<fix_aspect_ratio>1.</fix_aspect_ratio>
<!-- flags: +fix_aspectRatio +fix_principal_point +fix_k4 +fix_k5 -->
<flags>6150</flags>
<fisheye_model>0</fisheye_model>
<camera_matrix type_id="opencv-matrix">
  <rows>3</rows>
  <cols>3</cols>
  <dt>d</dt>
  <data>
    4.6872237322536466e+02 0. 3.1950000000000000e+02 0.
    4.6872237322536466e+02 2.3950000000000000e+02 0. 0. 1.</data></camera_matrix>
<distortion_coefficients type_id="opencv-matrix">
  <rows>5</rows>
  <cols>1</cols>
  <dt>d</dt>
  <data>
    2.2696946704045567e-01 -7.9425130211640005e-01
    -6.3789269379693750e-03 -2.0687967005223842e-04
    8.4112736026966595e-01</data></distortion_coefficients>
<avg_reprojection_error>4.1594401340869980e-01</avg_reprojection_error>
<per_view_reprojection_errors type_id="opencv-matrix">
  <rows>25</rows>
  <cols>1</cols>
  <dt>f</dt>
  <data>
    7.52260268e-01 1.89704388e-01 1.59861341e-01 2.08347380e-01
    1.73932761e-01 2.45762289e-01 2.71981984e-01 2.87520766e-01
    3.34845573e-01 7.63975620e-01 1.04658866e+00 3.51236880e-01
    3.38580459e-01 2.95987338e-01 2.36176103e-01 2.46444017e-01
    2.43751675e-01 3.87460947e-01 1.69668972e-01 2.35844001e-01
    3.11796010e-01 3.45225781e-01 4.17801291e-01 4.39793289e-01
    5.43612897e-01</data></per_view_reprojection_errors>
<!-- a set of 6-tuples (rotation vector + translation vector) for each view -->
<extrinsic_parameters type_id="opencv-matrix">
  <rows>25</rows>
  <cols>6</cols>
  <dt>d</dt>
  <data>
    2.7095130507544321e-02 5.2259779587501845e-02 3.0595955660353016e+00
    -1.5013343650130125e+01 -4.5633269197616890e+01
    2.2958901978935174e+02 2.2264847533754357e-02 1.3652878538541094e-01
    2.9999993868109969e+00 -2.7540506269343528e+00
    -4.6638628824004966e+00 2.1453547873979093e+02
    -1.2587425906467292e-01 -1.3001219735856896e-02
    2.7434166034842162e+00 -1.9642387357649989e+00
    -1.0816351500903345e+01 2.1084767863285418e+02
    -1.7694603061412328e-01 -6.6479463268458702e-02
    2.4143653333752071e+00 2.7414490164864742e+00
    -2.3601931203457809e+01 1.9682385811151701e+02
    -1.9620951644577078e-01 -1.4998971074048603e-01
    2.1243930611144974e+00 1.3811510800596585e+01
    -3.6458766562236605e+01 1.9129521817696371e+02
    -1.9363343155220236e-01 -5.3284135849222737e-02
    2.1501602612624717e+00 1.3371303544845569e+01
    -3.6154477789413562e+01 1.8394063398090961e+02
    -2.3171806056317026e-01 -8.4875827835672366e-02
    2.0840946166753209e+00 1.5817927895280585e+01
    -4.9490443079630921e+01 1.9342452335822554e+02
    -2.3085496743837966e-01 -1.6535197010859834e-01
    1.9226031760332896e+00 2.7499880468812446e+01
    -3.6565396937063191e+01 1.8765759367203927e+02
    -4.1064320677257982e-01 -2.8308410778835885e-01
    1.7310571247196695e+00 2.7499320510496833e+01
    -3.8931400024329598e+01 1.8113802566152788e+02
    -1.9457158530133756e-01 1.2091528651680394e-01
    5.9923186279668594e-01 -7.9879494983610769e+01
    -7.1787467259536243e+01 1.9886584692761389e+02
    -1.5799323206410140e-01 2.7860452393454327e-01
    5.4154956110618335e-01 -6.7599653433425942e+01
    -5.8258520681475161e+01 2.0864703738965414e+02
    -4.1610603540204044e-03 1.5750253904023598e-01
    6.0015084882702385e-01 -6.9501508855247536e+01
    -5.7136618414868266e+01 2.0677448539130228e+02
    6.9616626953090788e-02 2.3958495802487828e-01 5.9055486479673103e-01
    -6.5124320701126706e+01 -5.9475707468537642e+01
    2.1934068429449826e+02 4.5098287762815270e-02
    -3.8481703877074002e-03 1.0411496906834669e-01
    -7.7938500759857391e+01 -7.4185230170583878e+01
    2.0103724537004859e+02 -4.7193031133651593e-02
    -1.5693126020262416e-01 -3.4683083172747387e-01
    -1.0616706934676363e+02 2.6129603430280369e+01
    2.0524194552689087e+02 -3.5596239099191324e-02
    -8.0678490025901647e-02 -3.0707415439250463e-01
    -1.0252615112711486e+02 9.8747462006731848e+00
    2.1826454863076572e+02 -1.2344292733865159e-01
    -5.4568742858406787e-02 -1.1202922629989896e-01
    -1.1159949329390203e+02 -6.3760673286829450e-01
    2.2838225312239075e+02 3.2127184438895729e-03 5.4045753186234904e-02
    1.9753190028245363e-01 -1.2767929229177315e+02
    -1.4193774677260423e+01 2.6072248003087549e+02
    -4.2922951055936250e-02 -2.3390477976810448e-01
    3.3343395306994594e-02 -1.1145593931124041e+02
    -1.6301023138050866e+01 2.5634649094393694e+02
    -1.0590347589039795e-01 -1.0834487255265353e-01
    5.1595458510732917e-01 -1.0966097871631237e+02
    -6.5453320736788058e+01 2.5799371440026442e+02
    -1.0636999317878566e-01 4.5567822062238831e-03
    5.8641165471579582e-01 -1.0760079694608551e+02
    -6.6228655411722897e+01 2.7325169236255562e+02
    -1.2136127863671610e-01 3.9819642946811826e-02
    8.1322067504700946e-01 -9.5968554423179185e+01
    -8.7911996132045516e+01 2.9325480903578671e+02
    -1.1651229242114557e-01 1.8046011093319289e-01
    1.0786565790729064e+00 -6.6116226574983173e+01
    -7.7824574361392777e+01 2.9756097709691261e+02
    -1.7854709866452392e-01 3.1381617856061889e-01
    1.2327315656806208e+00 -4.2158218596746558e+01
    -8.8078428771431902e+01 2.9755926667592144e+02
    -2.0985290617968158e-01 5.2310114781258399e-01
    1.1853222338906149e+00 -3.1376179388230746e+01
    -7.2429139950808363e+01 2.9872230613552375e+02</data></extrinsic_parameters>
